82.0050374466
	59.339678608
	66.4466020337
	93.1576657736
	96.2132102302
	53.4571237588
	96.1428869686
	65.847533204
	81.852781306
	69.6669992999
	82.0869333188
	84.632935436
	80.611432857
	96.1804179405
	100.727432512
	100.053814611
	73.8537665677
	100.831576373
	87.7284541327
	99.2660402677
	92.1372031176
	86.1522389214
	85.6243110146
	96.2289349033
	103.641479328
	99.9448216629
	99.0178879524
	100.29401646
	99.4459805975
	90.7577448095
	97.874736219
	96.7804113181
	98.3611089375
	85.7713908715
	90.3259079784
	101.476584156
	97.6992254032
	100.370789761
	94.5334038258
	95.9541760577
	86.3096593973
	97.0009470934
	96.2677541678
	95.4525390954
	102.356364933
	93.0709177309
	92.7621097638
	87.6696817824
	92.240591957
	90.9363030585
	90.0322115479
	91.8771412071
	86.3862835621
	86.2751577202
	89.2134564498
	95.5825902788
	92.9752393929
	96.6428931663
	85.3337516898
	92.5102983024
	84.7264675115
	84.8144448124
	92.7374316756
	98.7787732044
	93.2018063261
	84.277524368
	84.9054950903
	90.7755570199
	89.7219878652
	91.9624175539
	90.2616132953
	84.4266467992
	85.3803033791
	91.3535426338
	84.7740684079
	89.9178277208
	85.2855713171
	84.672014996
	85.069487252
	85.1392288371
	84.5129592183
	84.5439011657
	84.7665839567
	89.6865751358
	84.7965010727
	88.918692301
	87.776283219
	84.9603398375
	86.7721517346
	84.880991885
	85.9101101988
	85.0905018966
	85.0556324303
	84.898296193
	86.5982339682
	85.4709126475
	84.881132566
	85.1854597973
	85.8433317799
	85.1162357325
	85.6584633825
	85.3558440526
	86.6160518608
	85.151935642
	86.1088036782
	85.7043337271
	85.8195935683
	85.3305389525
	85.1886839437
	85.2323849244
	85.3212718219
	85.7741510098
	85.2737971447
	85.2260021763
	85.5185504733
	85.2425944952
	85.5397301208
	85.2487468516
	85.5348027843
	85.5257884732
	85.2564037005
	85.2444157723
	85.4554026193
	85.2737682149
	85.2490522875
	85.3503133744
	85.259783893
	85.2631628351
	85.3234165505
	85.278032044
	85.252933897
	85.2835436964
	85.2554349514
	85.25014553
	85.2550001269
	85.2538333627
	85.2660505803
	85.25021451
	85.2537239609
	85.2609907536
	85.2557424597
	85.2535986032
	85.2568870109
	85.2524124318
	85.2527975815
	85.2529543559
	85.2518419084
	85.2503302095
	85.2501825945
	85.2501962475
	85.2501483317
	85.2527982169
	85.2501590367
	85.2502075589
	85.2506992737
	85.2510365904
	85.2508620932
	85.250638436
	85.2502695621
	85.2504955228
	85.2503597555
	85.2501495489
	85.2501613534
	85.2501596389
	85.2501536092
	85.2501455265
	85.2501475072
	85.2501458885
	85.2501462861
	85.2501457128
	85.2501460891
	85.2501459766
	85.2501452318
	85.2501450607
	85.2501450599
	85.2501452971
	85.2501451664
	85.2501453729
	85.2501450994
	85.2501450819
	85.2501450974
	85.2501450528
	85.2501450416
	85.2501450697
	85.250145031
	85.2501450652
	85.2501450407
	85.2501450324
	85.2501450316
	85.2501450301
	85.2501450307
	85.2501450326
	85.2501450321
	85.250145031
	85.2501450298
	85.2501450299
	85.2501450299
	85.2501450296
	85.2501450298
	85.2501450297
	85.2501450297
	85.2501450296
	85.2501450296
	85.2501450296
	85.2501450296
	85.2501450296
	85.2501450296
	85.2501450296
	85.2501450296
	85.2501450296
	85.2501450296
	85.2501450296
	85.2501450296
	85.2501450296
	85.2501450296
	85.2501450296
	85.2501450296
	85.2501450296
	85.2501450296
	85.2501450296
	85.2501450296
	85.2501450296
	85.2501450296
	85.2501450296
	85.2501450296
	85.2501450296
	85.2501450296
	85.2501450296
	85.2501450296
	85.2501450296
	85.2501450296
	85.2501450296
	85.2501450296
	85.2501450296
	85.2501450296
	85.2501450296
	85.2501450296
	85.2501450296
	85.2501450296
	85.2501450296
	85.2501450296
	85.2501450296
	85.2501450296
	85.2501450296
	85.2501450296
	85.2501450296
	85.2501450296
	85.2501450296
	85.2501450296
	85.2501450296
	85.2501450296
	85.2501450296
	85.2501450296
	85.2501450296
	85.2501450296
	85.2501450296
	85.2501450296
	85.2501450296
	85.2501450296
	85.2501450296
	85.2501450296
	85.2501450296
	85.2501450296
	85.2501450296
	85.2501450296
	85.2501450296
	85.2501450296
	85.2501450296
	85.2501450296
	85.2501450296
	85.2501450296
	85.2501450296
	85.2501450296
	85.2501450296
	85.2501450296
	85.2501450296
	85.2501450296
	85.2501450296
	85.2501450296
	85.2501450296
	85.2501450296
	85.2501450296
	85.2501450296
	85.2501450296
	85.2501450296
	85.2501450296
	85.2501450296
	85.2501450296
	85.2501450296
	85.2501450296
	85.2501450296
	85.2501450296
	85.2501450296
	85.2501450296
	85.2501450296
	85.2501450296
	85.2501450296
	85.2501450296
	85.2501450296
	85.2501450296
	85.2501450296
	85.2501450296
	85.2501450296
	85.2501450296
	85.2501450296
	85.2501450296
	85.2501450296
	85.2501450296
	85.2501450296
	85.2501450296
	85.2501450296
	85.2501450296
	85.2501450296
	85.2501450296
	85.2501450296
	85.2501450296
	85.2501450296
	85.2501450296
	85.2501450296
	85.2501450296
	85.2501450296
	85.2501450296
	85.2501450296
	85.2501450296
	85.2501450296
	85.2501450296
	85.2501450296
	85.2501450296
	85.2501450296
	85.2501450296
	85.2501450296
	85.2501450296
	85.2501450296
	85.2501450296
	85.2501450296
	85.2501450296
	85.2501450296
	85.2501450296
	85.2501450296
	85.2501450296
	85.2501450296
	85.2501450296
	85.2501450296
	85.2501450296
	85.2501450296
	85.2501450296
	85.2501450296
	85.2501450296
	85.2501450296
	85.2501450296
	85.2501450296
	85.2501450296
	85.2501450296
	85.2501450296
	85.2501450296
	85.2501450296
	85.2501450296
	85.2501450296
	85.2501450296
	85.2501450296
	85.2501450296
	85.2501450296
	85.2501450296
	85.2501450296
	85.2501450296
	85.2501450296
	85.2501450296
	85.2501450296
	85.2501450296
	85.2501450296
	85.2501450296
	85.2501450296
	85.2501450296
	85.2501450296
	85.2501450296
	85.2501450296
	85.2501450296
	85.2501450296
	85.2501450296
	85.2501450296
	85.2501450296
	85.2501450296
	85.2501450296
	85.2501450296
	85.2501450296
	85.2501450296
	85.2501450296
	85.5990639442
	59.863242532
	59.6491061751
	80.9365388186
	79.7950162695
	75.0955456479
	82.6274299914
	61.6581511723
	80.498335613
	81.7085934587
	79.4071389595
	59.9201594004
	81.5082446929
	82.1931852039
	80.8868458801
	74.487439755
	80.0193176376
	81.6007668839
	86.8119638873
	83.2218230257
	78.5753676315
	93.3348549909
	77.8389787986
	83.3579428704
	88.368995782
	83.7624301225
	85.7375290803
	77.6551431113
	66.9333317886
	85.2349755598
	82.3397732413
	74.5856297265
	100.414085453
	100.004654116
	93.0295995919
	86.6466348172
	84.6631231085
	79.9113572145
	85.1778005728
	96.6272186507
	88.1220936464
	86.7824614157
	91.9792541391
	94.2329568739
	87.0679148037
	91.2691131543
	89.5080496505
	94.0314578736
	85.2162491095
	91.3664618525
	85.1573016737
	90.9850494027
	92.1365164086
	88.7395310129
	93.9850803946
	90.0995728519
	91.141797722
	92.4140488987
	85.927222261
	98.2603163744
	87.9321889891
	95.1313828365
	86.4325994521
	87.6657161306
	91.2824769051
	85.2333253508
	95.9708063066
	95.1882103247
	93.262461301
	93.7564021288
	85.1468576233
	86.7924724772
	92.9771750375
	85.0299233236
	90.3636984181
	93.3480599006
	84.5785519119
	85.3697387214
	96.7041666639
	88.4615928249
	85.0024380787
	85.1798302868
	93.7366017667
	84.6672391153
	86.9031932537
	83.7319085619
	84.6665841979
	89.1346745727
	84.2479153908
	84.3216892903
	87.8229830761
	87.7917240523
	86.6081340229
	84.7716136888
	84.87163713
	84.5711379705
	87.094626789
	86.1152770445
	85.8784769582
	84.9112798717
	85.031804089
	84.9444600892
	85.024456114
	86.3232576104
	85.1452136001
	85.8442556617
	86.1585548645
	85.1005593908
	85.1703894477
	86.0790843358
	85.6143115095
	85.2860347302
	85.1882894711
	85.4602287891
	85.2670660221
	85.2396389019
	85.246499772
	85.2471814917
	85.2730880606
	85.386165823
	85.3598094606
	85.3227660892
	85.3146907029
	85.2692236219
	85.2972619683
	85.2983922612
	85.272413282
	85.2883621558
	85.2494489449
	85.2698790249
	85.2530006798
	85.2856860783
	85.2497409192
	85.2576043501
	85.2706274411
	85.2672476523
	85.2503915994
	85.2659063183
	85.2501086317
	85.2532048453
	85.2520638443
	85.2505139286
	85.2510695526
	85.2537233626
	85.2510216801
	85.2520738286
	85.2505075344
	85.2503486583
	85.2505265235
	85.250217653
	85.2501979424
	85.2502583578
	85.2501996995
	85.2501805324
	85.2501674769
	85.2501469495
	85.2501454303
	85.2501613324
	85.2501536256
	85.2501466972
	85.2501480897
	85.2501502153
	85.2501450894
	85.2501451571
	85.2501454497
	85.2501455184
	85.2501452857
	85.2501452174
	85.2501450989
	85.2501450422
	85.2501450649
	85.2501450334
	85.25014503
	85.2501450445
	85.2501450347
	85.2501450315
	85.2501450305
	85.2501450299
	85.2501450323
	85.2501450324
	85.2501450297
	85.2501450296
	85.2501450298
	85.2501450297
	85.2501450297
	85.2501450296
	85.2501450296
	85.2501450296
	85.2501450296
	85.2501450296
	85.2501450296
	85.2501450296
	85.2501450296
	85.2501450296
	85.2501450296
	85.2501450296
	85.2501450296
	85.2501450296
	85.2501450296
	85.2501450296
	85.2501450296
	85.2501450296
	85.2501450296
	85.2501450296
	85.2501450296
	85.2501450296
	85.2501450296
	85.2501450296
	85.2501450296
	85.2501450296
	85.2501450296
	85.2501450296
	85.2501450296
	85.2501450296
	85.2501450296
	85.2501450296
	85.2501450296
	85.2501450296
	85.2501450296
	85.2501450296
	85.2501450296
	85.2501450296
	85.2501450296
	85.2501450296
	85.2501450296
	85.2501450296
	85.2501450296
	85.2501450296
	85.2501450296
	85.2501450296
	85.2501450296
	85.2501450296
	85.2501450296
	85.2501450296
	85.2501450296
	85.2501450296
	85.2501450296
	85.2501450296
	85.2501450296
	85.2501450296
	85.2501450296
	85.2501450296
	85.2501450296
	85.2501450296
	85.2501450296
	85.2501450296
	85.2501450296
	94.8640802019
	89.9900597229
	87.0212211942
	92.8810953094
	85.84184975
	82.2037326175
	90.709713659
	85.4236221378
	93.7634790013
	84.0173301095
	100.585642164
	90.2079000656
	89.232164909
	87.1694424943
	92.5921944877
	87.042059491
	92.5269255386
	85.7717438425
	94.2808399157
	87.8073701005
	102.373654672
	94.131597279
	87.791955164
	87.2274970004
	93.1945125101
	99.1818845986
	95.3028623673
	102.109115839
	92.8571733549
	89.158901691
	89.4300035574
	87.8224523803
	96.2436189582
	85.3538023628
	87.178401657
	86.1055058254
	85.7673897802
	87.4824297862
	85.3528166287
	85.0134332271
	88.3749573794
	87.7781720272
	85.0669354749
	84.997204887
	84.946788993
	85.1532046007
	85.2758355577
	84.987658017
	85.8358636213
	85.5865638156
	85.0772478596
	85.0675001777
	85.0492688362
	85.1613399128
	85.0853907816
	85.2954131451
	85.3063962433
	85.2750943502
	85.245150991
	85.2470583743
	85.2488597652
	85.2497049829
	85.2521987175
	85.2505575657
	85.2529830755
	85.251357783
	85.2508248762
	85.2503862194
	85.250154883
	85.2501593032
	85.2501615528
	85.2501473185
	85.2501456947
	85.250145292
	85.2501452325
	85.2501452152
	85.2501453613
	85.2501450961
	85.2501450621
	85.2501451848
	85.2501450593
	85.2501450308
	85.2501450299
	85.2501450303
	85.2501450297
	85.2501450296
	85.2501450296
	85.2501450296
	85.2501450296
	85.2501450296
	85.2501450296
	85.2501450296
	85.2501450296
	85.2501450296
	85.2501450296
	85.2501450296
	85.2501450296
	85.2501450296
	85.2501450296
	85.2501450296
	85.2501450296
	85.2501450296
	85.2501450296
	85.2501450296
	85.2501450296
	85.2501450296
	85.2501450296
	